	Iozone: Performance Test of File I/O
	        Version $Revision: 3.247 $
		Compiled for 64 bit mode.
		Build: linux-AMD64 

	Contributors:William Norcott, Don Capps, Isom Crawford, Kirby Collins
	             Al Slater, Scott Rhine, Mike Wisner, Ken Goss
	             Steve Landherr, Brad Smith, Mark Kelly, Dr. Alain CYR,
	             Randy Dunlap, Mark Montague, Dan Million, 
	             Jean-Marc Zucconi, Jeff Blomberg,
	             Erik Habbinga, Kris Strecker, Walter Wong.

	Run began: Wed May 17 13:17:03 2006

	Auto Mode
	Using maximum file size of 131072 kilobytes.
	Using Maximum Record Size 16384 KB

	Machine = Linux dino1.ccrl-nece.de 2.6.9-11.ELsmp #1 SMP Wed Jun 8 16:59:12 CDT 2005 x86_64 x86_64 x86_64 GNU
	Command line used: ./iozone -a -g 128m -q 16m -M -f /tmp/iozone.dat
	Output is in Kbytes/sec
	Time Resolution = 0.000001 seconds.
	Processor cache size set to 1024 Kbytes.
	Processor cache line size set to 32 bytes.
	File stride size set to 17 * record size.
                                                            random  random    bkwd  record  stride                                   
              KB  reclen   write rewrite    read    reread    read   write    read rewrite    read   fwrite frewrite   fread  freread
              64       4  296349  952555  1310683  2892445 1780008  735831 1780008  901377 2222043   336889   763021 1492919  2662899
              64       8  336889 1029254  1679761  3363612 2662899  998622 2561267  983980 3363612   363829   901377 1690338  3203069
              64      16  347801 1204796  1828508  4274062 3588436  969761 3203069  831569 3022727   491815  1049372 1828508  4274062
              64      32  349613 1255511  1638743  4207076 4274062 1188789 3363612  633392 1599680   560635  1933893 3203069  3738358
              64      64  359444 1210227  1279447  3738358 3363612  901377 3203069  355635 1163036   328238  1163036 1183548  3203069
             128       4  319983  955616  1471662  2608629 1827299  809997 1885042 1085013 1710838   339618   752124 1492113  2453642
             128       8  333293 1111981  1705404  3277486 2660335  889145 2608629 1306873 3053774   360605   831319 1705404  3036502
             128      16  343310 1172704  1778862  3785961 3199360 1093856 3199360 1220700 3867787   367768  1185654 1727352  3560017
             128      32  343970 1220700  1772988  3867787 3468030  992724 3359523  883293 3759450   457376  1015251 1858934  3657016
             128      64  346859 1133103  1543594  3036502 2905056 1111981 2920861  551312 2843510   531131  1359835 1618028  2985839
             128     128  336005 1175271  1281909  2969325 2905056  876086 2843510  355589 1102844   345075  1185654 1243315  3124872
             256       4  329085  977189  1445521  2563818 1897721  783292 1897721 1201314 1763685   346949   766517 1514860  2435861
             256       8  337781 1108314  1683493  3245838 2563818  941213 2588541 1471270 2413957   358534   836374 1729594  3052087
             256      16  345943 1195962  1814348  3454704 3159869  992545 3159869 1319408 3378611   383232   897923 1622442  3017775
             256      32  352184 1208072  1826695  3717869 3368013 1112909 3368013 1158540 3123106   388501  1195962 1755037  3654598
             256      64  348300 1153561  1683493  3159869 2975955  944525 2975955  820398 2097948   464460  1319408 1652404  3159869
             256     128  345054 1169901  1514860  3017775 2943325 1132871 2872459  563997 2842047   541253  1376935 1619994  2943325
             256     256  348300 1128110  1300235  2842047 2665657  904732 2557711  365242 1185399   357103  1117543 1173737  2812272
             512       4  328622  929322  1376763  2360376 1834193  798675 1764853 1210664 1354190   309399   884536 1459080  2285029
             512       8  339748 1064794  1684557  3046915 2460437  904658 2438090 1454140 2402629   350907   825699 1723770  2891043
             512      16  346211 1147892  1823291  3604335 3201349 1024169 3012719 1399189 2906696   361054   873740 1895721  3481620
             512      32  335974 1187895  1834193  3550700 3346002 1034032 3104171 1380303 3393590   364920  1105920 1874212  3556580
             512      64  346435 1105920  1734911  2942541 2875558 1118011 2678309 1075998 2350044   388768  1098566 1729323  2926501
             512     128  345487 1053304  1657257  2739816 2782414  979331 2449212  824431 2097550   445553  1160923 1610042  2768068
             512     256  343388 1042566  1483267  2622702 2782414 1150968 2256220  585176 1647088   474078  1350783 1380303  2625909
             512     512  331156  893368  1442420  2016784 1954379  973559 1222379  349707 1329871   341585   893368 1193175  2007358
            1024       4  316345  759659  1396825  1709231 1701108  806899 1289855 1247519 1378002   323128   736220 1440391  1609925
            1024       8  311346  848337  1695065  2064088 2220992  966941 1756054 1594978 1560781   335838   810859 1675884  1999700
            1024      16  336971  890553  1809317  2250080 2592318 1035479 1845071 1577404 1777861   347241   859714 1828574  2197132
            1024      32  346066  931702  1869160  2311849 2968586 1098792 2151996 1541732 1865101   351504   864908 1831694  2240689
            1024      64  344429  908640  1793451  2133821 2514903 1047091 2011877 1326505 2837198   371671   871578 1741104  2115949
            1024     128  355549  916786  1738286  2086145 2491561 1203474 1875690 1120580 2516377   388024   908640 1673273  2039583
            1024     256  353471  865605  1646334  1984913 2120127 1032244 1715375  872286 2132761   377984   890369 1554004  1965834
            1024     512  340767  793189  1329791  1508167 1667426 1033237 1396825  514564 1408737   460447  1065535 1398645  1492445
            1024    1024  304590  731455  1206178  1236386 1216082  782923 1231070  322716 1236742   329980   730833 1213334  1212991
            2048       4  322314  711864  1425051  1512364 1449580  834962 1206992 1272808 1202599   312386   682184 1392253  1432179
            2048       8  323126  772837  1639674  1718053 1794877  953398 1428131 1626633 1452276   327262   743150 1635615  1684034
            2048      16  334371  842827  1802788  1873565 2169829 1104700 1637174 1648801 1667687   335573   776048 1773385  1839856
            2048      32  346524  843489  1826943  1915768 2245261 1114735 1678768 1718397 1709505   346888   804390 1807720  1892553
            2048      64  336124  832454  1738569  1823840 2033695 1092338 1693997 1381728 1688337   343448   798187 1741742  1833573
            2048     128  346944  845232  1759581  1851755 2094183 1025442 1703741 1324624 3012103   355002   812686 1728424  1843410
            2048     256  342763  834232  1693997  1838675 2019827 1031228 1705094 1127612 2479196   339070   774300 1671581  1825390
            2048     512  331724  763020  1380173  1453505 1448358  837976 1396100  690964 1562145   355370   733505 1400881  1447138
            2048    1024  314111  690020  1126577  1134613 1129540  779004 1133864  453490 1129688   434541   906129 1126577  1138522
            2048    2048  316974  698266  1112425  1145354 1140336  725206 1128946  322120 1142156   314594   699460 1123483  1137768
            4096       4  319175  704878  1434069  1500843 1321751  771096 1233671 1077864 1213284   314374   676564 1393586  1452989
            4096       8  332628  784511  1583864  1733448 1652894  871110 1509149 1504260 1459160   332390   740166 1619702  1690465
            4096      16  336261  834022  1809968  1881528 1892721  987927 1684828 1768603 1692630   340028   758231 1693297  1853314
            4096      32  352524  859775  1837653  1930364 2057270 1039075 1768603 1622302 1787185   344487   794562 1829435  1912315
            4096      64  339544  831157  1779226  1854114 1969309 1018138 1743829 1542759 1743121   340763   778397 1714591  1858527
            4096     128  344059  842819  1779964  1861951 1913167 1000760 1780886 1504129 1763882   344985   785731 1781625  1860137
            4096     256  335926  835076  1754873  1838440 1927548  984135 1760087 1384267 2675656   330745   732623 1698151  1850121
            4096     512  322089  751137  1410057  1460773 1463386  849445 1420786  834914 1936675   317125   640590 1409479  1433112
            4096    1024  303430  692239  1101923  1109752 1105539  761593 1102559  560484 1110326   337622   669055 1091145  1107320
            4096    2048  303184  685965  1096017  1111835 1099032  762776 1107606  446186 1105468   432113   878594 1104970  1116097
            4096    4096  311699  690625  1100440  1104899 1103763  735225 1104615  324431 1113348   315778   689212 1081596  1102276
            8192       4  311661  719925  1464933  1524943 1288048  748059 1269864 1348244 1211479   299700   683805 1402220  1451995
            8192       8  327326  791192  1681761  1756829 1603436  864944 1536949 1657264 1533245   314494   748613 1648597  1706993
            8192      16  337705  824057  1792201  1875858 1822913  909618 1714146 1960746 1756829   335309   775688 1776173  1855497
            8192      32  345026  841082  1852995  1886259 1935781  946189 1817705 1790613 1860923   334096   792560 1851697  1920739
            8192      64  338190  833371  1799240  1855898 1872485  939463 1790987 1616107 1833516   332602   759855 1800088  1855898
            8192     128  345668  835052  1799240  1882332 1900763  941599 1811954 1560968 1808045   333334   772757 1820498  1871669
            8192     256  332425  835153  1810426  1857101 1867295  933465 1787818 1516195 1835083   321567   718855 1792949  1839602
            8192     512  328217  752038  1407274  1423954 1438680  811638 1396067  920856 1914425   301108   605161 1397941  1418545
            8192    1024  309352  689154  1091103  1104324 1095347  756126 1090965  660055 1101668   303972   592840 1085896  1094579
            8192    2048  312373  694714  1095347  1100187 1099729  730641 1094614  568297 1108099   335338   664716 1090826  1104963
            8192    4096  306414  685346  1079449  1086789 1086755  740961 1084320  445965 1092005   424635   880007 1091381  1099624
            8192    8192  309271  697251  1090515  1112296 1110786  719036 1103296  310210 1111073   312041   697492 1091658  1101810
           16384       4  306541  717743  1470067  1521830 1253551  724126 1279792 1256738 1223053   301475   686845 1426816  1455187
           16384       8  323908  800629  1717909  1771631 1570845  820386 1561280 1626696 1555168   318339   747001 1676133  1727583
           16384      16  334074  847198  1908460  1957496 1845224  893008 1798665 1708428 1789438   325318   786562 1854235  1904018
           16384      32  335380  856052  1931363  1974424 1923686  927478 1886042 1804806 1845273   324706   798091 1915802  1943105
           16384      64  337133  854668  1857192  1901805 1884335  933145 1849594 1629782 1865410   325137   775651 1829796  1857845
           16384     128  339290  855115  1884077  1894988 1922341  945418 1890816 1608007 1903596   327437   784676 1870131  1914201
           16384     256  337042  838187  1843590  1882322 1857594  920755 1848599 1611022 1856339   314882   712474 1861619  1873087
           16384     512  299963  751420  1409982  1423447 1422121  838064 1415938  992126 1414597   269806   589205 1398903  1418920
           16384    1024  286548  699870  1092992  1099743 1095343  766754 1094001  716583 1102637   266128   569856 1087491  1097092
           16384    2048  287614  702690  1091031  1099743 1094367  752563 1097898  657729 1099673   281342   596410 1091915  1097898
           16384    4096  288359  694354  1093861  1100412 1098636  731557 1098864  555821 1092766   316190   676021 1098127  1105618
           16384    8192  285998  705359  1086168  1092783 1092192  743067 1093148  425315 1097372   425226   884570 1098425  1106436
           16384   16384  306672  725150  1084830  1109061 1107560  724859 1113861  313882 1115018   306265   713029 1097986  1105155
           32768       4  312647  732246  1450484  1514098 1227727  703268 1270174 1360461 1197184   304875   677654 1403156  1446972
           32768       8  328913  801347  1711743  1767230 1532005  807292 1548942 1772312 1507670   320025   755982 1673537  1719108
           32768      16  338491  854689  1910206  1959919 1806391  893395 1818124 1998071 1778919   328162   803140 1897049  1938249
           32768      32  343890  874628  1949189  1995257 1908561  938298 1924031 1864038 1892139   328235   806435 1939288  1982822
           32768      64  330096  852578  1873312  1901800 1869058  912810 1862018 1653703 1845863   316415   777045 1869795  1895767
           32768     128  336209  864293  1912891  1938003 1917026  915717 1910232 1671908 1903565   296250   779371 1898910  1923573
           32768     256  308581  855023  1870533  1897730 1879434  924607 1877586 1593775 1873440   305133   726241 1893103  1915931
           32768     512  317615  755110  1400697  1415775 1410226  812091 1405323 1067082 1404303   279831   582149 1409199  1422530
           32768    1024  306905  692653  1091757  1101187 1093399  739954 1089213  749616 1096653   275521   550694 1099706  1107656
           32768    2048  306474  702556  1100446  1107398 1106987  743999 1105527  720413 1099486   280886   565844 1096355  1105082
           32768    4096  306778  693502  1091393  1100041 1092703  752699 1096513  658917 1084452   296213   598983 1096067  1104301
           32768    8192  305383  692022  1092929  1096390 1097756  735432 1096215  567676 1087042   331405   671046 1096250  1097572
           32768   16384  307101  696197  1097055  1103778 1095700  744846 1101707  441694 1095735   424884   883949 1095778  1105278
           65536       4  301799  718904  1445236  1509697 1212016  679474 1266813 1348063 1197246   294003   673116 1395448  1439816
           65536       8  320170  801564  1715512  1778249 1529965  795166 1572619 1681099 1510220   308666   756556 1675514  1721960
           65536      16  326641  851925  1920855  1969169 1799695  874909 1831740 1885763 1787907   313377   785641 1884573  1925713
           65536      32  332889  860265  1947819  1989305 1883050  911958 1919165 1804906 1876481   314946   787133 1947750  1983291
           65536      64  332042  853465  1886203  1910216 1864049  907071 1875303 1650523 1857273   315664   769852 1868026  1893505
           65536     128  331096  864271  1901692  1922830 1906335  916562 1903892 1669997 1894928   316629   781494 1907287  1929579
           65536     256  332793  868128  1907168  1925551 1899091  916064 1902521 1659972 1888159   303539   713061 1888432  1908161
           65536     512  314282  761487  1405329  1414884 1410043  811359 1407315 1113475 1405149   278042   586042 1360345  1359275
           65536    1024  307102  712209  1096197  1099728 1098642  748778 1100851  770622 1099226   269825   549950 1090574  1097975
           65536    2048  306552  710325  1099398  1106986 1105139  758148 1105437  749084 1103467   276106   555332 1098102  1106225
           65536    4096  305694  702106  1087046  1096285 1093141  757851 1094456  721301 1072042   281898   570846 1086294  1094639
           65536    8192  307101  703471  1092086  1099710 1092776  752820 1098637  664046 1085393   296677   602946 1097274  1104562
           65536   16384  305994  711034  1097274  1104584 1106095  744255 1103595  571811 1088910   331317   679573 1095389  1102927
          131072       4  297496  712282  1430870  1511631 1190244  658818 1261811 1274202 1187031   292688   685526 1380928  1435949
          131072       8  318141  783754  1721301  1768591 1505088  772920 1566515 1539665 1503240   286867   753205 1658634  1718186
          131072      16  325272  830027  1901053  1940948 1764402  854534 1809759 1897444 1774408   311832   792660 1882894  1922190
          131072      32  329381  859200  1971929  2004953 1881972  909994 1924896 1869759 1888839   316438   790663 1954521  1986996
          131072      64  329330  864631  1850407  1884404 1841235  904887 1855040 1641210 1835230   314305   781753 1864066  1895665
          131072     128  329635  857335  1896299  1924357 1902323  921018 1909890 1678818 1898552   315072   775560 1904009  1925091
          131072     256  331270  856854  1884307  1909664 1882920  921219 1885904 1600291 1874765   300040   707358 1883758  1910447
          131072     512  314726  760035  1394459  1405116 1398788  811320 1398685 1108169 1396926   275559   577216 1389300  1403294
          131072    1024  306500  703527  1097554  1105708 1100760  756531 1095005  773614 1102139   268314   545528 1094272  1100936
          131072    2048  306467  710898  1095965  1104060 1101695  759383 1101907  767257 1101695   268855   554553 1095205  1104080
          131072    4096  305359  709601  1094518  1102707 1102639  760071 1101130  743056 1099329   275428   555693 1094061  1101556
          131072    8192  304920  701290  1089497  1098962 1097113  756120 1098224  717310 1077344   279622   578817 1087796  1096542
          131072   16384  304685  713123  1088384  1097957 1088854  763106 1096378  658782 1071655   295714   603437 1094939  1102723

iozone test complete.
