	Iozone: Performance Test of File I/O
	        Version $Revision: 3.247 $
		Compiled for 64 bit mode.
		Build: linux-AMD64 

	Contributors:William Norcott, Don Capps, Isom Crawford, Kirby Collins
	             Al Slater, Scott Rhine, Mike Wisner, Ken Goss
	             Steve Landherr, Brad Smith, Mark Kelly, Dr. Alain CYR,
	             Randy Dunlap, Mark Montague, Dan Million, 
	             Jean-Marc Zucconi, Jeff Blomberg,
	             Erik Habbinga, Kris Strecker, Walter Wong.

	Run began: Wed May 17 13:17:46 2006

	Auto Mode
	Using maximum file size of 131072 kilobytes.
	Using Maximum Record Size 16384 KB

	Machine = Linux dino3.ccrl-nece.de 2.6.9-11.ELsmp #1 SMP Wed Jun 8 16:59:12 CDT 2005 x86_64 x86_64 x86_64 GNU
	Command line used: ./iozone -a -g 128m -q 16m -M -f /tmp/iozone.dat
	Output is in Kbytes/sec
	Time Resolution = 0.000001 seconds.
	Processor cache size set to 1024 Kbytes.
	Processor cache line size set to 32 bytes.
	File stride size set to 17 * record size.
                                                            random  random    bkwd  record  stride                                   
              KB  reclen   write rewrite    read    reread    read   write    read rewrite    read   fwrite frewrite   fread  freread
              64       4  290890  718114  1392258  2772930 1734015  752329 1780008  852702 2203800   310399   743988 1421755  2662899
              64       8  290890 1029254  1690338  3541098 2561267  942521 2561267  955947 2133730   318502   844652 1648808  3363612
              64      16  295047 1101022  1768283  4274062 3541098  926260 3203069  780776 3363612   420873  1017549 1780008  4018152
              64      32  306151 1168097  1638743  4207076 3958892 1143223 3406295  555990 1562436   503814  1879725 3203069  4018152
              64      64  328238 1124074  1310683  3588436 3363612  863676 3203069  320021 1143223   293755  1143223 3057153  3363612
             128       4  308403  971174  1579934  2727923 1997245  824932 2035099 1121270 1911894   300464   730629 1508887  2558895
             128       8  328199 1067750  1663139  3445772 2784517  895074 2714132 1217930 3359523   318465   841746 1755594  3277486
             128      16  345965 1155043  1755594  3867787 3380677 1085013 3277486 1102844 4557257   341345   902598 1858934  3895854
             128      32  311264 1142750  1755594  4012317 3445772  927549 3359523  870405 4135958   400110  1022989 1852520  3657016
             128      64  339618 1102844  1579934  3277486 3199360 1067750 3124872  504196 1579934   542400  1802755 1436229  3124872
             128     128  306292 1111981  1294270  2843510 2985839  831319 2905056  318465 1162547   307696  1152564 1185654  2969325
             256       4  290529  944525  1422540  2588541 1871263  766517 1924938 1148625 1570244   301206   725106 1463250  2325094
             256       8  302223 1112909  1683493  3326279 2639446  921029 2665657 1339154 2588541   314161   826078 1740810  3123106
             256      16  333273 1158540  1826695  3368013 3245838  977189 3123106 1274008 4422226   369516   891956 1842366  3557725
             256      32  310706 1178892  1842366  3756894 3499745 1123389 3421677 1080434 2943325   345054  1147398 1740810  3756894
             256      64  302564 1143731  1683493  3197509 3123106  958864 2975955  757326 2049885   396243  1306564 1660068  3087188
             256     128  300447 1123389  1523457  2975955 2872459 1027695 2849590  511840 2639446   477684  1325925 1649865  3087188
             256     256  300531 1126926  1280084  3123106 3052087  834424 2943325  316849 1168627   308829  1143731 1202660  3123106
             512       4  288415  917412  1380303  2486072 1815584  792486 1783912 1078159 1700565   296130   738777 1458090  2235086
             512       8  297525 1060063  1689859  3304808 2572435  907717 2521095 1145443 2449212   303111   803757 1700565  3012719
             512      16  303325 1105920  1842059  2584820 3158966  994294 2768068 1358474 2926501   324648  1028091 1791352  3220553
             512      32  302982 1125630  1882427  3604335 3415178  996139 3068685 1257451 3201349   324060  1055375 1854787  3437042
             512      64  304012 1111070  1783912  3008498 2991733 1077618 2826358 1005467 2474613   341097  1082507 1736314  2979282
             512     128  305308 1036527  1672748  2681653 2695115  970041 2413429  774480 2906696   382059   997991 1683237  2665014
             512     256  305308  999850  1520013  2678309 2875558 1091863 2297251  515626 1657257   438727  1289156 1418599  2651850
             512     512  301705  879825  1279935  2107844 2047551  847532 1667552  307715 1293037   312779   881269 1213400  2047551
            1024       4  283499  745808  1389594  1857840 1715375  784067 1402756 1144163 1391395   289344   718605 1436056  1701108
            1024       8  305131  821090  1672621  2008114 2271501  945651 1703807 1497127 1910737   308994   796277 1687075  1942715
            1024      16  306678  862650  1727102  2333199 2619192 1024854 1885572 1506051 2225595   313345   825827 1796451  2192645
            1024      32  308617  878351  1838751  2348509 2968586 1053512 2103514 1422266 1848247   317210   859198 1800216  2210703
            1024      64  313803  899883  1774922  2169388 2461573 1027060 2024203 1223356 3046495   328290   861266 1806273  2124322
            1024     128  311437  873883  1735476  2073055 2553783 1142945 1889720 1048113 2455943   376065   888894 1659694  2048338
            1024     256  339420  860575  1643814  1980337 2210703 1008964 1741810  843340 2128533   348538   882865 1558516  1999700
            1024     512  326320  757382  1309518  1523683 1641301  924283 1383774  467158 1378002   429719  1032244 1380217  1473500
            1024    1024  285801  711110  1190795  1189146 1196101  731954 1203137  291900 1223356   292895   708178 1203474  1210598
            2048       4  289752  711098  1456709  1531781 1463909  825097 1223322 1247122 1213300   291739   680347 1417292  1455722
            2048       8  301403  777242  1677457  1743156 1848567  953398 1456709 1534244 1458688   299323   733004 1645012  1715309
            2048      16  310164  825177  1788896  1863404 2126850 1076863 1609866 1582579 1666393   309828   767657 1777789  1833573
            2048      32  307609  828200  1836709  1916196 2273187 1084614 1801275 1542232 1946592   315078   787359 1826943  1906837
            2048      64  308759  820840  1776319  1854954 2078978 1047577 1718053 1383954 1891303   314536   792589 1784066  1844994
            2048     128  309884  818571  1631886  1863404 2087567 1005399 1715309 1272808 2646472   318963   798409 1720807  1854954
            2048     256  308848  813995  1723915  1846580 2033695 1023000 1759581 1062741 2513289   311434   752657 1712231  1863404
            2048     512  296288  741226  1367213  1458688 1447382  818571 1379287  620399 1502575   323650   717813 1373553  1407538
            2048    1024  287762  700886  1142916  1150570 1156456  769651 1149338  416768 1155834   408950   908237 1153815  1155834
            2048    2048  281316  692859  1135963  1149800 1145354  740460 1144133  288739 1141700   288651   691409 1134613  1149338
            4096       4  283305  704762  1435626  1495487 1302412  761221 1202583 1136174 1218360   280314   668066 1408093  1468138
            4096       8  297354  781229  1680707  1757206 1672526  892608 1494316 1570543 1510343   293092   740007 1591346  1728912
            4096      16  305763  819540  1807492  1893765 1903416  971283 1693130 1846740 1774082   297786   778115 1805213  1871892
            4096      32  305676  834022  1867010  1942148 2071909 1013095 1785514 1512604 1803508   336287   784798 1833535  1916795
            4096      64  339490  831841  1813215  1883178 1977924  991748 1766239 1444802 1770790   305670   768337 1768603  1861951
            4096     128  343392  828832  1795591  1877005 1921297  977583 1800484 1409479 1780148   311908   781087 1774815  1871077
            4096     256  312146  824971  1767147  1853514 1931232  930059 1720945 1265756 2848213   300054   727812 1786256  1864376
            4096     512  298065  732342  1357254  1399832 1407631  821185 1374081  777974 1620313   291927   627740 1378601  1400288
            4096    1024  290230  687035  1112771  1116968 1105824  746081 1109681  540726 1122221   319127   664834 1093715  1118859
            4096    2048  289224  680989  1104331  1115734 1112123  751006 1110326  421139 1117912   408871   879359 1115517  1119734
            4096    4096  286953  694253  1102276  1107606 1104047  739752 1109394  316435 1114576   290167   684162 1110901  1117912
            8192       4  308491  719608  1479823  1540118 1305272  744865 1287855 1220863 1250135   307151   680177 1410451  1464434
            8192       8  300413  778182  1685556  1770864 1601568  848832 1538394 1575065 1522376   319688   743430 1653277  1729330
            8192      16  307231  825145  1824074  1910912 1834299  931112 1732994 1922566 1767857   299173   776056 1822043  1890202
            8192      32  333551  837882  1914959  1975400 1963996  915507 1860520 1598439 1845927   293019   787474 1881508  1955612
            8192      64  300942  826734  1838814  1902026 1926123  925021 1816840 1561607 1857202   294188   773418 1840883  1906882
            8192     128  307806  837719  1850500  1904240 1929801  921473 1829416 1518742 1894162   299666   775390 1848808  1898873
            8192     256  304740  830089  1838814  1892284 1907729  946606 1839701 1435915 1816456   289706   719849 1856299  1910380
            8192     512  294825  732995  1374290  1394141 1388002  811580 1374730  871415 1691530   276235   598749 1365551  1410220
            8192    1024  285912  682095  1102977  1108528 1101068  753274 1108063  639253 1110032   281386   590710 1110750  1114533
            8192    2048  286503  690387  1101351  1107956 1104644  740754 1106565  545948 1107171   314774   669717 1107456  1114425
            8192    4096  285356  683465  1085759  1106280 1100927  734185 1096360  452019 1099448   413545   878208 1097376  1106992
            8192    8192  314520  693186  1105817  1110930 1111684  707488 1108814  320837 1116380   282473   700107 1105248  1110750
           16384       4  278544  703359  1478416  1524666 1246118  695204 1270164 1219862 1217312   273870   682636 1433662  1467963
           16384       8  296333  785915  1728061  1790231 1583149  803926 1563803 1610682 1536942   289428   741359 1697497  1757585
           16384      16  306592  843144  1922771  1976867 1852935  890150 1811419 1888219 1791164   291001   795771 1889309  1939649
           16384      32  304127  846592  1974651  2020221 1963817  904932 1909361 1588199 1891909   293640   786328 1949831  1989285
           16384      64  300518  836259  1869469  1896975 1913136  919621 1877847 1526359 1883664   292895   772834 1886301  1919173
           16384     128  301998  832773  1889049  1912443 1944699  924546 1902226 1512951 1918477   293434   769959 1872628  1919870
           16384     256  302706  830579  1877129  1914041 1901542  936056 1879285 1523652 1864802   283843   716336 1877386  1913136
           16384     512  286880  747001  1406462  1420269 1425809  789472 1396288  947975 1389540   262850   585789 1385199  1406606
           16384    1024  280576  690052  1098337  1105013 1102478  725694 1106347  706425 1106116   263683   558913 1098636  1112743
           16384    2048  282941  689422  1102637  1107114 1107488  760172 1105902  639525 1111825   279695   593771 1099884  1107846
           16384    4096  283779  678765  1101382  1109348 1107025  717653 1100183  543126 1097162   314756   663265 1095920  1104551
           16384    8192  285535  682893  1099673  1105529 1094158  729476 1101965  420565 1102107   412623   875309 1103593  1113645
           16384   16384  286874  692975  1106722  1120198 1120271  708493 1117229  286517 1118976   284345   689824 1114331  1121203
           32768       4  283443  713820  1476698  1546398 1239374  679355 1297232 1310192 1220813   275583   673156 1415892  1467834
           32768       8  292918  782201  1722188  1784161 1542095  792800 1590290 1683520 1536320   286990   740751 1712745  1762968
           32768      16  299889  822019  1904673  1952096 1806890  864320 1807793 1910445 1780186   289790   770610 1867864  1923223
           32768      32  319208  861908  1993550  2024471 1942632  929452 1931168 1822077 1916599   332477   808703 1965215  1997926
           32768      64  349330  862725  1895296  1912891 1890837  909061 1865860 1592686 1860128   337022   793624 1890733  1913903
           32768     128  350932  847745  1893990  1921878 1905994  921198 1915130 1590456 1914676   307606   778004 1903591  1933559
           32768     256  301822  825618  1864266  1895636 1870431  895526 1847550 1560391 1846607   280766   686759 1864671  1898516
           32768     512  286225  734442  1372361  1387014 1376925  777155 1376456  994624 1373568   280439   570184 1360003  1376746
           32768    1024  304156  680101  1091358  1101999 1097906  729344 1090587  733658 1097862   255534   541405 1096504  1104159
           32768    2048  276981  684348  1098046  1103787 1105794  730495 1104150  692213 1085360   261570   559388 1086218  1097090
           32768    4096  296610  697090  1093868  1098529 1094016  750528 1090518  641363 1083059   289641   598141 1100710  1106239
           32768    8192  292146  697564  1094051  1101593 1099706  733493 1097607  542426 1088825   322326   673740 1094452  1106239
           32768   16384  293483  690985  1098344  1101045 1093947  742111 1101478  416223 1093834   419210   879751 1095228  1102078
           65536       4  280328  709716  1470802  1532866 1223371  671909 1279002 1282451 1216086   274858   675977 1421234  1471463
           65536       8  291317  789523  1723720  1790656 1534980  790772 1561302 1597117 1506916   286459   741658 1690850  1745857
           65536      16  297048  822458  1872824  1928266 1769480  855973 1791975 1801228 1760009   290980   769111 1855968  1906335
           65536      32  300919  833876  1933733  1979706 1870212  881782 1893061 1772870 1864150   290304   772765 1919795  1968633
           65536      64  299590  820010  1869513  1896784 1856332  880968 1861171 1555788 1846915   290611   758774 1837851  1873412
           65536     128  303931  837294  1892840  1917371 1899760  889771 1854178 1584221 1883489   292622   763242 1870798  1903022
           65536     256  299573  826305  1901245  1924810 1896837  885560 1898986 1611999 1889730   281717   698365 1871167  1901521
           65536     512  313201  729311  1365813  1378339 1373834  788999 1372017 1048440 1369181   260092   566180 1357081  1372914
           65536    1024  282217  689902  1097243  1103928 1098857  734585 1101203  752991 1101221   252699   537847 1095664  1104003
           65536    2048  279339  689873  1096744  1101742 1102409  745700 1101685  730996 1101835   256387   542731 1099042  1107361
           65536    4096  278901  682787  1088350  1099600 1099209  731730 1097554  687747 1083165   263546   556544 1097330  1104305
           65536    8192  304574  680152  1094050  1101040 1096801  728785 1099983  638235 1085247   276972   587260 1090483  1097225
           65536   16384  280899  681141  1093072  1100978 1099965  721349 1100595  510321 1090868   308091   658447 1084888  1095939
          131072       4  279994  713022  1457346  1519536 1201854  663048 1269105 1293464 1224995   299128   681225 1376661  1426881
          131072       8  292268  801281  1740737  1808789 1543911  779031 1601232 1665039 1533652   284726   748055 1706135  1761344
          131072      16  297731  829768  1902514  1951399 1781140  850708 1823022 1850544 1783827   314832   770024 1897038  1945647
          131072      32  301011  845708  1978978  2020850 1903871  885196 1943281 1775445 1898080   290578   772953 1952973  1991552
          131072      64  299986  823808  1844813  1879868 1831684  884265 1843433 1488421 1831659   292709   766740 1868876  1893908
          131072     128  301733  835567  1895939  1915947 1893751  891239 1901573 1586538 1893778   291165   769450 1908080  1927697
          131072     256  300666  831586  1876397  1900751 1870962  893274 1876742 1507353 1864971   282668   697804 1893804  1911424
          131072     512  287482  733434  1355661  1367953 1364934  783585 1362296 1009582 1361277   257176   564836 1352889  1366172
          131072    1024  281065  693568  1098005  1104258 1102020  739504 1101916  766619 1102241   251631   538723 1093349  1102928
          131072    2048  281554  687800  1094381  1103978 1103141  738725 1101704  756194 1099910   271136   537940 1096358  1102751
          131072    4096  302614  690463  1091530  1100502 1100343  735236 1100150  730898 1098694   256624   545608 1095443  1101898
          131072    8192  280419  686794  1094044  1101602 1100152  730560 1101417  712933 1083777   281875   569551 1093058  1100731
          131072   16384  279599  689072  1092704  1100667 1099228  738662 1099727  661662 1085869   275963   594503 1094427  1101388

iozone test complete.
