	Iozone: Performance Test of File I/O
	        Version $Revision: 3.247 $
		Compiled for 64 bit mode.
		Build: linux-AMD64 

	Contributors:William Norcott, Don Capps, Isom Crawford, Kirby Collins
	             Al Slater, Scott Rhine, Mike Wisner, Ken Goss
	             Steve Landherr, Brad Smith, Mark Kelly, Dr. Alain CYR,
	             Randy Dunlap, Mark Montague, Dan Million, 
	             Jean-Marc Zucconi, Jeff Blomberg,
	             Erik Habbinga, Kris Strecker, Walter Wong.

	Run began: Wed May 17 09:59:14 2006

	Auto Mode
	Using maximum file size of 131072 kilobytes.
	Using Maximum Record Size 16384 KB

	Machine = Linux dino2.ccrl-nece.de 2.6.9-11.ELsmp #1 SMP Wed Jun 8 16:59:12 CDT 2005 x86_64 x86_64 x86_64 GNU
	Command line used: ./iozone -a -g 128m -q 16m -M -f /tmp/iozone.dat
	Output is in Kbytes/sec
	Time Resolution = 0.000001 seconds.
	Processor cache size set to 1024 Kbytes.
	Processor cache line size set to 32 bytes.
	File stride size set to 17 * record size.
                                                            random  random    bkwd  record  stride                                   
              KB  reclen   write rewrite    read    reread    read   write    read rewrite    read   fwrite frewrite   fread  freread
              64       4  303383  913649  1304314  2662899 1722886  710511 1734015  863676 2133730   301678   913649 1357066  2203800
              64       8  313664 1033216  1690338  3541098 2892445  969761 2561267 1017549 3363612   347801   866463 1690338  3203069
              64      16  336889 1183548  1599680  4564786 3363612  901377 3203069  792299 3203069   460591  1033216 1690338  3958892
              64      32  344233 1163036  1734015  4564786 3738358 1119387 3363612  586352 1599680   560635  1879725 3203069  4018152
              64      64  365812 1124074  1124074  3203069 2892445  842003 2892445  344233 2892445   326641  1143223 1421755  3203069
             128       4  308403  921183  1455701  2409592 1878447  744820 1852520 1085013 1802755   327399   718889 1487977  2286447
             128       8  333500 1048974  1561553  3199360 2464907  864797 1622919 1266785 3277486   331646  1067750 1663139  3036502
             128      16  334123 1093856  1802755  3759450 3199360 1082825 3124872 1040839 3053774   378663   921183 1878447  3657016
             128      32  335166 1152564  1802755  3867787 3468030  953918 3468030  831319 2367096   423798  1332828 1663139  3657016
             128      64  333293 1111981  1622919  3199360 3124872 1085013 3053774  549056 3124872   509943  1303699 1642783  3124872
             128     128  333293 1133103  1254941  3036502 2985839  853794 2969325  343310 2969325   370050   902598 1373754  3053774
             256       4  315268  927393  1398455  2563818 1924938  773697 1956506 1157291 1817419   321209   729045 1471270  2345409
             256       8  320060 1070737  1718521  3326279 2719671  924200 2692393 1248819 2557711   342304   817898 1683493  3123106
             256      16  326980 1123389  1829808  3667079 3236056  931416 3123106 1306564 2943325   353576  1075025 1829808  3557725
             256      32  331626 1152323  1778290  3879045 3410808 1089202 3410808 1080434 3043436   373240  1169901 1814348  3605511
             256      64  330300 1122215  1673001  3043436 2975955  955451 2943325  790209 2065659   433869  1280084 1673001  3123106
             256     128  339061 1132871  1532153  3087188 2975955 1084800 2783115  552960 2911402   536654  1325925 1600674  3052087
             256     256  334206 1112909  1280084  3052087 3009318  820398 2911402  338633 1152323   341324  1142514 1208072  2880164
             512       4  309712  912733  1358474  2449212 1795846  766464 1827947 1171691 1723770   321008   714920 1926329  2317080
             512       8  359784 1053304  1734911  3012719 2548017  902757 2189509 1130370 2394591   340232   808904 1718254  2991733
             512      16  336184 1118011  1854787  3580298 3012719  997991 2995907 1347393 2815243   359062   864594 1848401  3459188
             512      32  332901 1142396  1895721  3556580 3437042  980673 3104171 1260404 3684733   360025  1068503 1897396  3580298
             512      64  328823 1075459  1797349  3068685 2841317 1077618 2768068 1018341 3046915   373163   896351 1815584  2979282
             512     128  331360 1082507  1689859  2894940 2995907  964378 2678309  788992 2081286   429170  1210664 1625889  2991733
             512     256  332901 1014013  1506154  2739816 2845081 1071167 2275345  545904 1662389   471476  1319250 1455126  2572435
             512     512  337983  869143  1270094  2022482 1968713  860781 1684557  331616 1309596   345265   872320 1199171  1947291
            1024       4  314700  745291  1402756  1780809 1709912  765890 1406891 1146607 1414770   314400   712644 1427940  1693061
            1024       8  327589  852547  1684429  2183727 2226749  923488 1662264 1505523 1885572   330412   801927 1695065  1995982
            1024      16  339743  885048  1845071  2295784 2753527 1010864 1917562 1709912 2197132   336627   854073 1786736  2192645
            1024      32  330743  889631  1841906  2165014 2958362 1050164 2156318 1523683 1865101   338751   851870 1848247  2138070
            1024      64  334191  908640  1792702  2207295 2625597 1022171 2043465 1286378 2844715   348679   861093 1738286  2173780
            1024     128  332793  901394  1735476  2124322 2534194 1149061 1928757 1078106 2348509   363770   888159 1630088  2052253
            1024     256  332999  859026  1625154  2000631 2225595 1028043 1697745  840863 2120127   368989   870694 1597945  1950656
            1024     512  326518  772225  1329791  1521524 1640674  970656 1333093  493742 1420384   450687  1028043 1387798  1523683
            1024    1024  302786  702847  1210257  1220575 1207534  736220 1226500  312297 1220575   311911   709114 1185209  1192117
            2048       4  304620  699460  1397008  1477760 1434331  779287 1258818 1256425 1270548   303586   660824 1359854  1428131
            2048       8  317771  765877  1661237  1732608 1787407  929666 1434331 1386411 1466909   317325   739058 1613798  1689666
            2048      16  331557  818571  1820362  1898409 2174223 1051295 1627866 1358134 1680082   329573   772559 1806199  1882186
            2048      32  331929  827801  1865428  1937372 2314219 1077809 1688669 1499428 1972971   329902   801912 1846580  1923059
            2048      64  332571  827163  1791882  1877250 2087567 1067230 1727034 1375532 1858566   330804   796928 1799389  1866644
            2048     128  331660  828839  1794877  1901351 2167092 1055170 1745990 1274507 2853035   342709   804390 1752044  1871932
            2048     256  335953  823831  1729816  1892971 2076967 1003402 1744572 1095682 2418469   332906   771656 1725300  1892971
            2048     512  319949  741482  1354493  1473451 1441311  780207 1356204  639807 1562145   345479   727540 1397008  1431225
            2048    1024  313400  681967  1138522  1146730 1136564  759646 1147343  436484 1136414   440039   900619 1152422  1158327
            2048    2048  304674  692356  1149185  1161617 1151187  739122 1156456  311909 1160989   314065   694989 1143372  1143372
            4096       4  305144  702457  1427159  1487846 1308164  726888 1270061 1217669 1258339   301375   665272 1360371  1449924
            4096       8  317670  770059  1648928  1737129 1663780  885067 1518755 1509282 1494836   316949   738131 1620925  1691796
            4096      16  334226  824140  1830994  1919365 1944786  966692 1717505 1634495 1806922   324486   780023 1822062  1902573
            4096      32  334747  834022  1884004  1960768 2085490 1010354 1795591 1760989 1824577   328017   783903 1809968  1956079
            4096      64  340790  832003  1795779  1874548 1986386 1000003 1774815 1493797 1859332   326714   781371 1794091  1865996
            4096     128  333196  827674  1826906  1900679 1947873  971557 1822835 1384267 1801239   332274   789813 1759546  1884004
            4096     256  335460  825962  1801994  1901731 1971116  961068 1810922 1270906 2826656   320604   731811 1794278  1885037
            4096     512  317101  739911  1390316  1440200 1419846  825804 1395964  804421 1662331   306976   639207 1409479  1451026
            4096    1024  310701  688273  1117331  1124351 1118786  751992 1122514  559954 1123101   336235   664937 1108821  1117040
            4096    2048  308364  685062  1122221  1127376 1127376  755730 1126858  436671 1133027   435420   878774 1104615  1123395
            4096    4096  305670  694113  1108535  1112699 1115155  734031 1114287  309225 1114866   310067   693413 1112771  1125234
            8192       4  299481  713408  1452793  1511992 1286650  707240 1275615 1235437 1256260   298835   679666 1410972  1462315
            8192       8  316881  775023  1673569  1764407 1611937  818560 1549214 1401076 1498409   309249   740291 1631221  1707756
            8192      16  326660  823879  1868209  1940262 1872893  920141 1774706 1555386 1800088   313604   773488 1823687  1900343
            8192      32  335377  842794  1912294  1987398 1981552  953753 1866889 1629906 1863042   327183   783024 1888436  1973018
            8192      64  335777  834545  1840095  1903818 1926231  955902 1827275 1439705 1872893   318497   769710 1831854  1907305
            8192     128  332711  835905  1864862  1928934 1948073  946267 1861831 1481929 1906458   328956   776775 1852895  1924397
            8192     256  339621  839069  1873710  1928934 1935344  949011 1871567 1449361 1848808   318458   718916 1863952  1920739
            8192     512  316109  736151  1394594  1412422 1391544  814157 1390586  879444 1600300   287772   600098 1358317  1384256
            8192    1024  307646  683465  1106422  1117433 1107456  754813 1110786  656775 1108528   299711   594491 1093708  1104040
            8192    2048  305330  685634  1106885  1113522 1111505  744865 1110319  566564 1108492   333373   661976 1093291  1107028
            8192    4096  308793  686099  1089650  1094893 1097516  751840 1095487  444804 1103331   431634   881611 1096955  1114099
            8192    8192  303170  687472  1096780  1104786 1107920  734577 1106565  307313 1113017   307737   695656 1095207  1117142
           16384       4  300899  701915  1419389  1470350 1238036  681471 1257980 1210045 1215697   293615   672383 1380968  1424214
           16384       8  313653  780417  1719198  1774467 1564978  808561 1553129 1660139 1522268   306557   750558 1668442  1715936
           16384      16  326334  825887  1879748  1947234 1817407  879487 1792145 1821019 1778325   317058   770978 1880211  1928004
           16384      32  330889  858566  1974935  2022243 1956771  932436 1915162 1676133 1895197   317538   777635 1942610  1966627
           16384      64  330149  836942  1867336  1909786 1897604  903849 1845670 1534060 1879748   312946   772174 1884077  1917406
           16384     128  331706  856276  1908036  1919441 1956047  925554 1924386 1513951 1933482   321071   780745 1915802  1945415
           16384     256  330856  843703  1908672  1942610 1930712  906699 1902490 1524666 1918959   309167   703928 1918048  1948117
           16384     512  314020  741120  1397254  1400214 1401528  795264 1386820  950900 1393655   283122   582497 1394390  1406721
           16384    1024  308509  705446  1110567  1114331 1109581  737390 1111753  702151 1119340   284208   561017 1103824  1117447
           16384    2048  305889  693444  1106062  1110621 1106365  739724 1109796  649695 1104179   296441   592185 1105173  1118812
           16384    4096  304568  692682  1102708  1117139 1116594  731137 1110782  557639 1108221   332548   664747 1106436  1119888
           16384    8192  307854  699956  1107988  1111609 1106347  738182 1076419  432100 1109939   428891   881473 1110477  1119650
           16384   16384  301558  708836  1112977  1117975 1118066  708223 1123733  258908 1122889   301431   697788 1107613  1115996
           32768       4  303956  699214  1446074  1501674 1229561  671791 1271313 1221964 1206305   295353   649216 1408102  1450867
           32768       8  317864  772628  1710592  1761545 1546241  786161 1587681 1638483 1539849   309479   727610 1679796  1717304
           32768      16  324542  824870  1916599  1962858 1810293  856478 1820436 1844327 1786503   315258   764944 1903143  1940192
           32768      32  329747  826805  1941096  1971841 1893103  882184 1905122 1728643 1874692   319740   777872 1944226  1971587
           32768      64  326654  823837  1878561  1905227 1877714  897462 1877176 1606349 1871068   316761   759470 1893207  1915584
           32768     128  331170  829045  1920750  1940219 1929460  900395 1898490 1535582 1903011   316874   772685 1904884  1927295
           32768     256  327811  844749  1931711  1952207 1933341  909566 1905359 1512831 1906760   306274   701520 1910657  1927295
           32768     512  312976  734430  1373458  1379177 1377325  787955 1356915 1001100 1367377   279587   572536 1374777  1381159
           32768    1024  304015  682781  1110359  1114483 1112174  731837 1103229  728679 1110897   274390   545016 1108639  1113841
           32768    2048  303976  683450  1105723  1109839 1110251  737484 1098897  708372 1093181   276050   561624 1103787  1110781
           32768    4096  297398  679906  1099856  1106096 1103034  739619 1101778  644023 1096320   295593   588810 1105305  1112444
           32768    8192  303151  680893  1100226  1107888 1106836  723260 1103778  557232 1089041   329807   666626 1094565  1099742
           32768   16384  302137  679395  1100296  1108380 1101778  728744 1105234  431215 1101151   431782   889683 1108183  1114627
           65536       4  299169  688867  1416540  1467707 1174798  639925 1247546 1218231 1181169   293281   648581 1354920  1405056
           65536       8  313305  759583  1685852  1740804 1509142  759258 1542491 1577049 1487895   306313   720009 1634720  1686079
           65536      16  323162  814465  1882289  1925443 1761057  834534 1788884 1601565 1752022   314073   760684 1852766  1889795
           65536      32  329121  836291  1974927  2009021 1906057  872299 1936594 1698614 1895529   315655   767329 1948551  1982762
           65536      64  326822  818116  1882457  1903734 1863404  874711 1875303 1530962 1859446   317470   754423 1882947  1903562
           65536     128  329949  827004  1918603  1936417 1920869  893700 1922655 1589102 1912396   316331   759600 1901416  1930704
           65536     256  330602  832668  1921137  1934822 1912289  886795 1912569 1618968 1903734   303511   694097 1913288  1933271
           65536     512  311531  729921  1359443  1371996 1364626  774684 1362037  973974 1360991   275866   569056 1362948  1371189
           65536    1024  305369  697525  1105330  1109838 1106184  735524 1107383  751603 1104083   272386   547023 1109220  1115979
           65536    2048  303719  684699  1098673  1107812 1104935  724916 1105566  724211 1105735   275338   550819 1103113  1109762
           65536    4096  304488  690636  1099046  1105308 1103617  729076 1103706  691985 1083921   281418   562478 1099692  1107249
           65536    8192  303626  689207  1095882  1103188 1096652  735881 1101071  641289 1080219   294455   587818 1095629  1102131
           65536   16384  302481  676752  1087351  1098199 1098269  719828 1097260  564907 1089256   326416   661738 1098084  1105344
          131072       4  294393  679549  1404739  1454238 1182693  644443 1239171 1216818 1172882   291266   656512 1350715  1403491
          131072       8  306982  774524  1684730  1739602 1497744  754441 1561070 1617034 1489522   306539   739054 1641562  1685815
          131072      16  323163  814294  1884921  1927190 1750570  830588 1769047 1966688 1751993   314577   770626 1866617  1900586
          131072      32  327263  840997  1955244  1998902 1883868  867486 1930337 1760233 1880543   314160   766847 1939592  1977938
          131072      64  328614  824606  1875238  1895880 1854233  873632 1869868 1520048 1854859   317138   760781 1869041  1887581
          131072     128  331016  832593  1920753  1936647 1917457  884951 1922184 1592591 1911929   316210   761771 1917350  1943624
          131072     256  330009  829050  1910693  1929260 1903344  885256 1906499 1595017 1895201   302720   714919 1913766  1931273
          131072     512  306953  733646  1333006  1314850 1308980  779290 1354916  993090 1348671   274671   570607 1357147  1365005
          131072    1024  303862  687894  1101214  1108788 1103234  745930 1105568  760495 1104424   269412   537378 1100586  1107064
          131072    2048  302639  690634  1103167  1111080 1108589  734078 1109181  749848 1108113   271422   542824 1104517  1111287
          131072    4096  304107  693785  1101252  1107260 1106195  736454 1107617  727959 1105588   274022   549616 1094730  1104946
          131072    8192  302601  684520  1099514  1106122 1105319  731526 1105001  699662 1088455   281487   561757 1098077  1104599
          131072   16384  302244  689268  1096846  1105001 1103272  732872 1104202  650145 1089670   294908   594352 1096625  1102409

iozone test complete.
